   5.6091999999999999e-03	
   5.6091999999999999e-03	
   5.6091999999999999e-03	
   5.6091999999999999e-03	
   5.6091999999999999e-03	
   5.6091999999999999e-03	
   5.6091999999999999e-03	
   5.6091999999999999e-03	
   5.6091999999999999e-03	
   5.6091999999999999e-03	
   5.6091999999999999e-03	
   5.6091999999999999e-03	
   5.6091999999999999e-03	
   5.6091999999999999e-03	
   5.6091999999999999e-03	
   5.6091999999999999e-03	
   5.6091999999999999e-03	
   5.6091999999999999e-03	
   5.6091999999999999e-03	
   5.6091999999999999e-03	
   5.6091999999999999e-03	
   5.6091999999999999e-03	
   5.6091999999999999e-03	
   5.6091999999999999e-03	
   5.6091999999999999e-03	
   5.6091999999999999e-03	
   5.6091999999999999e-03	
   5.6091999999999999e-03	
   5.6091999999999999e-03	
   5.6091999999999999e-03	
   5.6091999999999999e-03	
   5.6091999999999999e-03	
   5.6091999999999999e-03	
   5.6091999999999999e-03	
   5.6091999999999999e-03	
   5.6091999999999999e-03	
   5.6091999999999999e-03	
   5.6091999999999999e-03	
   5.6091999999999999e-03	
   5.6091999999999999e-03	
   5.6091999999999999e-03	
   5.6091999999999999e-03	
   5.6091999999999999e-03	
   5.6091999999999999e-03	
   5.6091999999999999e-03	
   5.6091999999999999e-03	
   5.6091999999999999e-03	
   5.6091999999999999e-03	
   5.6092000000000433e-03	
   5.6092000000000433e-03	
   5.6092000000000433e-03	
   5.6092000000000433e-03	
   5.6092000000000433e-03	
   5.6092000000000433e-03	
   5.6092000000000858e-03	
   5.6092000000000858e-03	
   5.6092000000000858e-03	
   5.6092000000001292e-03	
   5.6092000000001717e-03	
   5.6092000000001717e-03	
   5.6092000000002151e-03	
   5.6092000000002576e-03	
   5.6092000000003434e-03	
   5.6092000000003868e-03	
   5.6092000000004727e-03	
   5.6092000000005585e-03	
   5.6092000000006869e-03	
   5.6092000000008586e-03	
   5.6092000000010304e-03	
   5.6092000000012455e-03	
   5.6092000000015031e-03	
   5.6092000000018032e-03	
   5.6092000000021900e-03	
   5.6092000000026194e-03	
   5.6092000000031771e-03	
   5.6092000000038215e-03	
   5.6092000000045944e-03	
   5.6092000000055823e-03	
   5.6092000000067411e-03	
   5.6092000000081159e-03	
   5.6092000000097899e-03	
   5.6092000000118516e-03	
   5.6092000000142984e-03	
   5.6092000000172613e-03	
   5.6092000000208687e-03	
   5.6092000000251621e-03	
   5.6092000000304010e-03	
   5.6092000000367136e-03	
   5.6092000000443135e-03	
   5.6092000000535457e-03	
   5.6092000000646236e-03	
   5.6092000000780642e-03	
   5.6092000000942527e-03	
   5.6092000001137900e-03	
   5.6092000001374499e-03	
   5.6092000001659618e-03	
   5.6092000002003987e-03	
   5.6092000002419644e-03	
   5.6092000002922037e-03	
   5.6092000003528349e-03	
   5.6092000004260463e-03	
   5.6092000005144591e-03	
   5.6092000006212495e-03	
   5.6092000007501542e-03	
   5.6092000009058535e-03	
   5.6092000010938428e-03	
   5.6092000013208219e-03	
   5.6092000015949481e-03	
   5.6092000019259264e-03	
   5.6092000023256075e-03	
   5.6092000028082492e-03	
   5.6092000033910253e-03	
   5.6092000040947618e-03	
   5.6092000049445794e-03	
   5.6092000059707065e-03	
   5.6092000072097709e-03	
   5.6092000087060011e-03	
   5.6092000105127694e-03	
   5.6092000126944869e-03	
   5.6092000153289169e-03	
   5.6092000185101387e-03	
   5.6092000223515138e-03	
   5.6092000269900629e-03	
   5.6092000325912742e-03	
   5.6092000393549030e-03	
   5.6092000475221832e-03	
   5.6092000573843758e-03	
   5.6092000692932829e-03	
   5.6092000836735784e-03	
   5.6092001010382610e-03	
   5.6092001220065619e-03	
   5.6092001473264036e-03	
   5.6092001779008485e-03	
   5.6092002148203472e-03	
   5.6092002594016841e-03	
   5.6092003132349137e-03	
   5.6092003782401206e-03	
   5.6092004567357004e-03	
   5.6092005515213997e-03	
   5.6092006659778093e-03	
   5.6092008041871942e-03	
   5.6092009710789776e-03	
   5.6092011726055291e-03	
   5.6092014159546356e-03	
   5.6092017098055896e-03	
   5.6092020646389996e-03	
   5.6092024931104481e-03	
   5.6092030105019631e-03	
   5.6092036352669598e-03	
   5.6092043896885059e-03	
   5.6092053006740056e-03	
   5.6092064007150283e-03	
   5.6092077290458581e-03	
   5.6092093330432436e-03	
   5.6092112699158078e-03	
   5.6092136087446268e-03	
   5.6092164329471020e-03	
   5.6092198432521143e-03	
   5.6092239612926097e-03	
   5.6092289339438241e-03	
   5.6092349385619186e-03	
   5.6092421893093195e-03	
   5.6092509447933717e-03	
   5.6092615172897613e-03	
   5.6092742838802275e-03	
   5.6092896999016279e-03	
   5.6093083151862490e-03	
   5.6093307936720118e-03	
   5.6093579370827098e-03	
   5.6093907135225940e-03	
   5.6094302920046109e-03	
   5.6094780841447374e-03	
   5.6095357945087753e-03	
   5.6096054814073733e-03	
   5.6096896303076908e-03	
   5.6097912424797666e-03	
   5.6099139420392775e-03	
   5.6100621052040233e-03	
   5.6102410163744237e-03	
   5.6104570566037270e-03	
   5.6107179311797074e-03	
   5.6110329444340528e-03	
   5.6114133315787575e-03	
   5.6118726594033812e-03	
   5.6124273101214343e-03	
   5.6130970656181802e-03	
   5.6139058129315344e-03	
   5.6148823961183420e-03	
   5.6160616448752750e-03	
   5.6174856165811518e-03	
   5.6192050960302675e-03	
   5.6212814063040673e-03	
   5.6237885953054102e-03	
   5.6268160758500604e-03	
   5.6304718133447602e-03	
   5.6348861745504986e-03	
   5.6402165744200428e-03	
   5.6466530863323507e-03	
   5.6544252152207295e-03	
   5.6638100742895901e-03	
   5.6751422556779191e-03	
   5.6888257452566305e-03	
   5.7053483038033885e-03	
   5.7252988235223070e-03	
   5.7493882731852455e-03	
   5.7784749705254860e-03	
   5.8135950710088216e-03	
   5.8559993425538869e-03	
   5.9071975118132111e-03	
   5.9690117257932985e-03	
   6.0436409804054585e-03	
   6.1337387335074663e-03	
   6.2425063536032995e-03	
   6.3738055668851323e-03	
   6.5322936654520969e-03	
   6.7235859388429658e-03	
   6.9544505986754270e-03	
   7.2330423882964647e-03	
   7.5691821061183578e-03	
   7.9746904128084398e-03	
   8.4637855123098765e-03	
   9.0535555426883921e-03	
   9.7645176939473773e-03	
   1.0621277037520221e-02	
   1.1653298574033671e-02	
   1.2895805732033607e-02	
   1.4390816967472868e-02	
   1.6188328489435085e-02	
   1.8347644454604486e-02	
   2.0938844861281745e-02	
   2.4044364055011619e-02	
   2.7760627034269389e-02	
   3.2199654085916601e-02	
   3.7490494098587512e-02	
   4.3780281147515920e-02	
   5.1234627192753880e-02	
   6.0036968959854747e-02	
   7.0386388233246514e-02	
   8.2493340097113912e-02	
   9.6572683894301445e-02	
   1.1283346201441052e-01	
   1.3146506910119463e-01	
   1.5261985698805858e-01	
   1.7639286500952295e-01	
   2.0280023079819276e-01	
   2.3175880620962902e-01	
   2.6307033898109738e-01	
   2.9641394675938237e-01	
   3.3135016452969512e-01	
   3.6733840137152102e-01	
   4.0376732876605587e-01	
   4.3999505661442584e-01	
   4.7539371591677504e-01	
   5.0939200674151774e-01	
   5.4150976356171110e-01	
   5.7138046025131684e-01	
   5.9876017983816032e-01	
   6.2352409948295306e-01	
   6.4565334824134757e-01	
   6.6521590758861915e-01	
   6.8234512730381691e-01	
   6.9721872701750653e-01	
   7.1004019999114232e-01	
   7.2102361121143066e-01	
   7.3038204785911875e-01	
   7.3831948896756106e-01	
   7.4502559292111592e-01	
   7.5067280301296013e-01	
   7.5541518330897084e-01	
   7.5938846928095638e-01	
   7.6271091395063151e-01	
   7.6548460805337459e-01	
   7.6779703997041537e-01	
   7.6972273301772887e-01	
   7.7132485351844104e-01	
   7.7265672452373213e-01	
   7.7376320956329503e-01	
   7.7468195099820769e-01	
   7.7544446075702600e-01	
   7.7607706939810595e-01	
   7.7660174407576688e-01	
   7.7703678823671107e-01	
   7.7739743656731042e-01	
   7.7769635844021712e-01	
   7.7794408227563805e-01	
   7.7814935211030056e-01	
   7.7831942643214691e-01	
   7.7846032810129862e-01	
   7.7857705300273172e-01	
   7.7867374399817724e-01	
   7.7875383577924162e-01	
   7.7882017537364145e-01	
   7.7887512231746570e-01	
   7.7892063187024052e-01	
   7.7895832410608512e-01	
   7.7898954125265307e-01	
   7.7901539525938823e-01	
   7.7903680724804902e-01	
   7.7905454022260634e-01	
   7.7906922618460073e-01	
   7.7908138860695675e-01	
   7.7909146105813276e-01	
   7.7909980263422041e-01	
   7.7910671074484161e-01	
   7.7911243170574418e-01	
   7.7911716951375087e-01	
   7.7912109311555999e-01	
   7.7912434242864115e-01	
   7.7912703332827538e-01	
   7.7912926177813668e-01	
   7.7913110725140999e-01	
   7.7913263556424284e-01	
   7.7913390122243342e-01	
   7.7913494936495165e-01	
   7.7913581737353532e-01	
   7.7913653620572432e-01	
   7.7913713149883956e-01	
   7.7913762448426072e-01	
   7.7913803274459603e-01	
   7.7913837084073589e-01	
   7.7913865083115141e-01	
   7.7913888270195009e-01	
   7.7913907472302713e-01	
   7.7913923374301064e-01	
   7.7913936543351869e-01	
   7.7913947449143939e-01	
   7.7913956480644864e-01	
   7.7913963959973731e-01	
   7.7913970153889733e-01	
   7.7913975283306425e-01	
   7.7913979531170763e-01	
   7.7913983048988122e-01	
   7.7913985962225873e-01	
   7.7913988374788323e-01	
   7.7913990372722597e-01	
   7.7913992027287549e-01	
   7.7913993397495385e-01	
   7.7913994532216302e-01	
   7.7913995471921615e-01	
   7.7913996250127115e-01	
   7.7913996894588511e-01	
   7.7913997428291359e-01	
   7.7913997870270868e-01	
   7.7913998236290805e-01	
   7.7913998539405760e-01	
   7.7913998790426697e-01	
   7.7913998998306633e-01	
   7.7913999170459858e-01	
   7.7913999313026461e-01	
   7.7913999431091241e-01	
   7.7913999528865163e-01	
   7.7913999609835427e-01	
   7.7913999676889967e-01	
   7.7913999732420369e-01	
   7.7913999778407195e-01	
   7.7913999816490620e-01	
   7.7913999848028948e-01	
   7.7913999874147022e-01	
   7.7913999895776387e-01	
   7.7913999913688481e-01	
   7.7913999928522160e-01	
   7.7913999940806500e-01	
   7.7913999950979607e-01	
   7.7913999959404356e-01	
   7.7913999966381198e-01	
   7.7913999972158976e-01	
   7.7913999976943771e-01	
   7.7913999980906246e-01	
   7.7913999984187698e-01	
   7.7913999986905202e-01	
   7.7913999989155647e-01	
   7.7913999991019334e-01	
   7.7913999992562699e-01	
   7.7913999993840799e-01	
   7.7913999994899230e-01	
   7.7913999995775729e-01	
   7.7913999996501559e-01	
   7.7913999997102634e-01	
   7.7913999997600347e-01	
   7.7913999998012484e-01	
   7.7913999998353733e-01	
   7.7913999998636263e-01	
   7.7913999998870165e-01	
   7.7913999999063754e-01	
   7.7913999999223960e-01	
   7.7913999999356476e-01	
   7.7913999999466055e-01	
   7.7913999999556582e-01	
   7.7913999999631289e-01	
   7.7913999999692862e-01	
   7.7913999999743466e-01	
   7.7913999999784922e-01	
   7.7913999999818717e-01	
   7.7913999999846029e-01	
   7.7913999999867856e-01	
   7.7913999999884975e-01	
   7.7913999999897976e-01	
   7.7913999999907357e-01	
   7.7913999999913430e-01	
   7.7913999999916406e-01	
   7.7913999999916406e-01	
   7.7913999999913430e-01	
   7.7913999999907357e-01	
   7.7913999999897976e-01	
   7.7913999999884975e-01	
   7.7913999999867856e-01	
   7.7913999999846029e-01	
   7.7913999999818717e-01	
   7.7913999999784922e-01	
   7.7913999999743466e-01	
   7.7913999999692862e-01	
   7.7913999999631289e-01	
   7.7913999999556582e-01	
   7.7913999999466055e-01	
   7.7913999999356476e-01	
   7.7913999999223960e-01	
   7.7913999999063754e-01	
   7.7913999998870165e-01	
   7.7913999998636263e-01	
   7.7913999998353733e-01	
   7.7913999998012484e-01	
   7.7913999997600347e-01	
   7.7913999997102634e-01	
   7.7913999996501559e-01	
   7.7913999995775729e-01	
   7.7913999994899230e-01	
   7.7913999993840799e-01	
   7.7913999992562699e-01	
   7.7913999991019334e-01	
   7.7913999989155647e-01	
   7.7913999986905202e-01	
   7.7913999984187698e-01	
   7.7913999980906246e-01	
   7.7913999976943771e-01	
   7.7913999972158976e-01	
   7.7913999966381198e-01	
   7.7913999959404356e-01	
   7.7913999950979607e-01	
   7.7913999940806500e-01	
   7.7913999928522160e-01	
   7.7913999913688481e-01	
   7.7913999895776387e-01	
   7.7913999874147022e-01	
   7.7913999848028948e-01	
   7.7913999816490620e-01	
   7.7913999778407195e-01	
   7.7913999732420369e-01	
   7.7913999676889967e-01	
   7.7913999609835427e-01	
   7.7913999528865163e-01	
   7.7913999431091241e-01	
   7.7913999313026461e-01	
   7.7913999170459858e-01	
   7.7913998998306633e-01	
   7.7913998790426697e-01	
   7.7913998539405760e-01	
   7.7913998236290805e-01	
   7.7913997870270868e-01	
   7.7913997428291359e-01	
   7.7913996894588511e-01	
   7.7913996250127115e-01	
   7.7913995471921615e-01	
   7.7913994532216302e-01	
   7.7913993397495385e-01	
   7.7913992027287549e-01	
   7.7913990372722597e-01	
   7.7913988374788323e-01	
   7.7913985962225873e-01	
   7.7913983048988122e-01	
   7.7913979531170763e-01	
   7.7913975283306425e-01	
   7.7913970153889733e-01	
   7.7913963959973731e-01	
   7.7913956480644864e-01	
   7.7913947449143939e-01	
   7.7913936543351869e-01	
   7.7913923374301064e-01	
   7.7913907472302713e-01	
   7.7913888270195009e-01	
   7.7913865083115141e-01	
   7.7913837084073589e-01	
   7.7913803274459603e-01	
   7.7913762448426072e-01	
   7.7913713149883956e-01	
   7.7913653620572432e-01	
   7.7913581737353532e-01	
   7.7913494936495165e-01	
   7.7913390122243342e-01	
   7.7913263556424284e-01	
   7.7913110725140999e-01	
   7.7912926177813668e-01	
   7.7912703332827538e-01	
   7.7912434242864115e-01	
   7.7912109311555999e-01	
   7.7911716951375087e-01	
   7.7911243170574418e-01	
   7.7910671074484161e-01	
   7.7909980263422041e-01	
   7.7909146105813276e-01	
   7.7908138860695675e-01	
   7.7906922618460073e-01	
   7.7905454022260634e-01	
   7.7903680724804902e-01	
   7.7901539525938823e-01	
   7.7898954125265307e-01	
   7.7895832410608512e-01	
   7.7892063187024052e-01	
   7.7887512231746570e-01	
   7.7882017537364145e-01	
   7.7875383577924162e-01	
   7.7867374399817724e-01	
   7.7857705300273172e-01	
   7.7846032810129862e-01	
   7.7831942643214691e-01	
   7.7814935211030056e-01	
   7.7794408227563805e-01	
   7.7769635844021712e-01	
   7.7739743656731042e-01	
   7.7703678823671107e-01	
   7.7660174407576688e-01	
   7.7607706939810595e-01	
   7.7544446075702600e-01	
   7.7468195099820769e-01	
   7.7376320956329492e-01	
   7.7265672452373202e-01	
   7.7132485351844104e-01	
   7.6972273301772876e-01	
   7.6779703997041537e-01	
   7.6548460805337470e-01	
   7.6271091395063173e-01	
   7.5938846928095649e-01	
   7.5541518330897095e-01	
   7.5067280301296035e-01	
   7.4502559292111625e-01	
   7.3831948896756128e-01	
   7.3038204785911909e-01	
   7.2102361121143066e-01	
   7.1004019999114232e-01	
   6.9721872701750653e-01	
   6.8234512730381691e-01	
   6.6521590758861915e-01	
   6.4565334824134757e-01	
   6.2352409948295306e-01	
   5.9876017983816032e-01	
   5.7138046025131684e-01	
   5.4150976356171110e-01	
   5.0939200674151774e-01	
   4.7539371591677504e-01	
   4.3999505661442584e-01	
   4.0376732876605587e-01	
   3.6733840137151968e-01	
   3.3135016452969390e-01	
   2.9641394675938115e-01	
   2.6307033898109627e-01	
   2.3175880620962794e-01	
   2.0280023079819182e-01	
   1.7639286500952203e-01	
   1.5261985698805944e-01	
   1.3146506910119532e-01	
   1.1283346201441112e-01	
   9.6572683894301958e-02	
   8.2493340097114384e-02	
   7.0386388233246944e-02	
   6.0036968959855053e-02	
   5.1234627192753880e-02	
   4.3780281147515920e-02	
   3.7490494098587512e-02	
   3.2199654085916601e-02	
   2.7760627034269389e-02	
   2.4044364055011619e-02	
   2.0938844861281745e-02	
   1.8347644454604486e-02	
   1.6188328489435085e-02	
   1.4390816967472868e-02	
   1.2895805732033607e-02	
   1.1653298574033671e-02	
   1.0621277037520221e-02	
   9.7645176939473773e-03	
   9.0535555426883921e-03	
   8.4637855123098349e-03	
   7.9746904128083964e-03	
   7.5691821061183578e-03	
   7.2330423882964647e-03	
   6.9544505986754270e-03	
   6.7235859388429658e-03	
   6.5322936654520969e-03	
   6.3738055668851323e-03	
   6.2425063536032995e-03	
   6.1337387335074663e-03	
   6.0436409804054585e-03	
   5.9690117257932985e-03	
   5.9071975118132111e-03	
   5.8559993425538869e-03	
   5.8135950710088216e-03	
   5.7784749705254860e-03	
   5.7493882731852455e-03	
   5.7252988235223070e-03	
   5.7053483038033885e-03	
   5.6888257452566305e-03	
   5.6751422556779191e-03	
   5.6638100742895901e-03	
   5.6544252152207295e-03	
   5.6466530863323507e-03	
   5.6402165744200428e-03	
   5.6348861745504986e-03	
   5.6304718133447602e-03	
   5.6268160758500604e-03	
   5.6237885953054102e-03	
   5.6212814063040673e-03	
   5.6192050960302675e-03	
   5.6174856165811518e-03	
   5.6160616448752750e-03	
   5.6148823961183420e-03	
   5.6139058129315344e-03	
   5.6130970656181802e-03	
   5.6124273101214343e-03	
   5.6118726594033812e-03	
   5.6114133315787575e-03	
   5.6110329444340528e-03	
   5.6107179311797074e-03	
   5.6104570566037270e-03	
   5.6102410163744237e-03	
   5.6100621052040233e-03	
   5.6099139420392775e-03	
   5.6097912424797666e-03	
   5.6096896303076908e-03	
   5.6096054814073733e-03	
   5.6095357945087753e-03	
   5.6094780841447374e-03	
   5.6094302920046109e-03	
   5.6093907135225940e-03	
   5.6093579370827098e-03	
   5.6093307936720118e-03	
   5.6093083151862490e-03	
   5.6092896999016279e-03	
   5.6092742838802275e-03	
   5.6092615172897613e-03	
   5.6092509447933717e-03	
   5.6092421893093195e-03	
   5.6092349385619186e-03	
   5.6092289339438241e-03	
   5.6092239612926097e-03	
   5.6092198432521143e-03	
   5.6092164329471020e-03	
   5.6092136087446268e-03	
   5.6092112699158078e-03	
   5.6092093330432436e-03	
   5.6092077290458581e-03	
   5.6092064007150283e-03	
   5.6092053006740056e-03	
   5.6092043896885059e-03	
   5.6092036352669598e-03	
   5.6092030105019631e-03	
   5.6092024931104481e-03	
   5.6092020646389996e-03	
   5.6092017098055896e-03	
   5.6092014159546356e-03	
   5.6092011726055291e-03	
   5.6092009710789776e-03	
   5.6092008041871942e-03	
   5.6092006659778093e-03	
   5.6092005515213997e-03	
   5.6092004567357004e-03	
   5.6092003782401206e-03	
   5.6092003132349137e-03	
   5.6092002594016841e-03	
   5.6092002148203472e-03	
   5.6092001779008485e-03	
   5.6092001473264036e-03	
   5.6092001220065619e-03	
   5.6092001010382610e-03	
   5.6092000836735784e-03	
   5.6092000692932829e-03	
   5.6092000573843758e-03	
   5.6092000475221832e-03	
   5.6092000393549030e-03	
   5.6092000325912742e-03	
   5.6092000269900629e-03	
   5.6092000223515138e-03	
   5.6092000185101387e-03	
   5.6092000153289169e-03	
   5.6092000126944869e-03	
   5.6092000105127694e-03	
   5.6092000087060011e-03	
   5.6092000072097709e-03	
   5.6092000059707065e-03	
   5.6092000049445794e-03	
   5.6092000040947618e-03	
   5.6092000033910253e-03	
   5.6092000028082492e-03	
   5.6092000023256075e-03	
   5.6092000019259264e-03	
   5.6092000015949481e-03	
   5.6092000013208219e-03	
   5.6092000010938428e-03	
   5.6092000009058535e-03	
   5.6092000007501542e-03	
   5.6092000006212495e-03	
   5.6092000005144591e-03	
   5.6092000004260463e-03	
   5.6092000003528349e-03	
   5.6092000002922037e-03	
   5.6092000002419644e-03	
   5.6092000002003987e-03	
   5.6092000001659618e-03	
   5.6092000001374499e-03	
   5.6092000001137900e-03	
   5.6092000000942527e-03	
   5.6092000000780642e-03	
   5.6092000000646236e-03	
   5.6092000000535457e-03	
   5.6092000000443135e-03	
   5.6092000000367136e-03	
   5.6092000000304010e-03	
   5.6092000000251621e-03	
   5.6092000000208687e-03	
   5.6092000000172613e-03	
   5.6092000000142984e-03	
   5.6092000000118516e-03	
   5.6092000000097899e-03	
   5.6092000000081159e-03	
   5.6092000000067411e-03	
   5.6092000000055823e-03	
   5.6092000000045944e-03	
   5.6092000000038215e-03	
   5.6092000000031771e-03	
   5.6092000000026194e-03	
   5.6092000000021900e-03	
   5.6092000000018032e-03	
   5.6092000000015031e-03	
   5.6092000000012455e-03	
   5.6092000000010304e-03	
   5.6092000000008586e-03	
   5.6092000000006869e-03	
   5.6092000000005585e-03	
   5.6092000000004727e-03	
   5.6092000000003868e-03	
   5.6092000000003434e-03	
   5.6092000000002576e-03	
   5.6092000000002151e-03	
   5.6092000000001717e-03	
   5.6092000000001717e-03	
   5.6092000000001292e-03	
   5.6092000000000858e-03	
   5.6092000000000858e-03	
   5.6092000000000858e-03	
   5.6092000000000433e-03	
   5.6092000000000433e-03	
   5.6092000000000433e-03	
   5.6092000000000433e-03	
   5.6092000000000433e-03	
   5.6092000000000433e-03	
   5.6091999999999999e-03	
   5.6091999999999999e-03	
   5.6091999999999999e-03	
   5.6091999999999999e-03	
   5.6091999999999999e-03	
   5.6091999999999999e-03	
   5.6091999999999999e-03	
   5.6091999999999999e-03	
   5.6091999999999999e-03	
   5.6091999999999999e-03	
   5.6091999999999999e-03	
   5.6091999999999999e-03	
   5.6091999999999999e-03	
   5.6091999999999999e-03	
   5.6091999999999999e-03	
   5.6091999999999999e-03	
   5.6091999999999999e-03	
   5.6091999999999999e-03	
   5.6091999999999999e-03	
   5.6091999999999999e-03	
   5.6091999999999999e-03	
   5.6091999999999999e-03	
   5.6091999999999999e-03	
   5.6091999999999999e-03	
   5.6091999999999999e-03	
   5.6091999999999999e-03	
   5.6091999999999999e-03	
   5.6091999999999999e-03	
   5.6091999999999999e-03	
   5.6091999999999999e-03	
   5.6091999999999999e-03	
   5.6091999999999999e-03	
   5.6091999999999999e-03	
   5.6091999999999999e-03	
   5.6091999999999999e-03	
   5.6091999999999999e-03	
   5.6091999999999999e-03	
   5.6091999999999999e-03	
   5.6091999999999999e-03	
   5.6091999999999999e-03	
   5.6091999999999999e-03	
   5.6091999999999999e-03	
   5.6091999999999999e-03	
   5.6091999999999999e-03	
   5.6091999999999999e-03	
   5.6091999999999999e-03	
   5.6091999999999999e-03	
   5.6091999999999999e-03	
