   5.6092000000000433e-03	
   5.6092000000000433e-03	
   5.6092000000000433e-03	
   5.6092000000000433e-03	
   5.6092000000000433e-03	
   5.6092000000000433e-03	
   5.6092000000000433e-03	
   5.6092000000000433e-03	
   5.6092000000000433e-03	
   5.6092000000000858e-03	
   5.6092000000000858e-03	
   5.6092000000000858e-03	
   5.6092000000000858e-03	
   5.6092000000000858e-03	
   5.6092000000000858e-03	
   5.6092000000000858e-03	
   5.6092000000001292e-03	
   5.6092000000001292e-03	
   5.6092000000001292e-03	
   5.6092000000001292e-03	
   5.6092000000001717e-03	
   5.6092000000001717e-03	
   5.6092000000001717e-03	
   5.6092000000001717e-03	
   5.6092000000002151e-03	
   5.6092000000002151e-03	
   5.6092000000002576e-03	
   5.6092000000002576e-03	
   5.6092000000003009e-03	
   5.6092000000003009e-03	
   5.6092000000003434e-03	
   5.6092000000003434e-03	
   5.6092000000003868e-03	
   5.6092000000003868e-03	
   5.6092000000004293e-03	
   5.6092000000004727e-03	
   5.6092000000005152e-03	
   5.6092000000005585e-03	
   5.6092000000006010e-03	
   5.6092000000006444e-03	
   5.6092000000006869e-03	
   5.6092000000007303e-03	
   5.6092000000008161e-03	
   5.6092000000008586e-03	
   5.6092000000009445e-03	
   5.6092000000009879e-03	
   5.6092000000010737e-03	
   5.6092000000011596e-03	
   5.6092000000012455e-03	
   5.6092000000013739e-03	
   5.6092000000014597e-03	
   5.6092000000015890e-03	
   5.6092000000017173e-03	
   5.6092000000018466e-03	
   5.6092000000019749e-03	
   5.6092000000021467e-03	
   5.6092000000023184e-03	
   5.6092000000024901e-03	
   5.6092000000026619e-03	
   5.6092000000028770e-03	
   5.6092000000031346e-03	
   5.6092000000033488e-03	
   5.6092000000036073e-03	
   5.6092000000039074e-03	
   5.6092000000042084e-03	
   5.6092000000045519e-03	
   5.6092000000048953e-03	
   5.6092000000052813e-03	
   5.6092000000057107e-03	
   5.6092000000061400e-03	
   5.6092000000066127e-03	
   5.6092000000071279e-03	
   5.6092000000076865e-03	
   5.6092000000082876e-03	
   5.6092000000089312e-03	
   5.6092000000096615e-03	
   5.6092000000103909e-03	
   5.6092000000112071e-03	
   5.6092000000121092e-03	
   5.6092000000130537e-03	
   5.6092000000140842e-03	
   5.6092000000151580e-03	
   5.6092000000163601e-03	
   5.6092000000176482e-03	
   5.6092000000190221e-03	
   5.6092000000205252e-03	
   5.6092000000221142e-03	
   5.6092000000238316e-03	
   5.6092000000257207e-03	
   5.6092000000277390e-03	
   5.6092000000298858e-03	
   5.6092000000322476e-03	
   5.6092000000347378e-03	
   5.6092000000374865e-03	
   5.6092000000404060e-03	
   5.6092000000435840e-03	
   5.6092000000469763e-03	
   5.6092000000506686e-03	
   5.6092000000546195e-03	
   5.6092000000589129e-03	
   5.6092000000635073e-03	
   5.6092000000684886e-03	
   5.6092000000738558e-03	
   5.6092000000796532e-03	
   5.6092000000858792e-03	
   5.6092000000925778e-03	
   5.6092000000998342e-03	
   5.6092000001076491e-03	
   5.6092000001161085e-03	
   5.6092000001251689e-03	
   5.6092000001349588e-03	
   5.6092000001455224e-03	
   5.6092000001569439e-03	
   5.6092000001692248e-03	
   5.6092000001824504e-03	
   5.6092000001967488e-03	
   5.6092000002121644e-03	
   5.6092000002287822e-03	
   5.6092000002466880e-03	
   5.6092000002659678e-03	
   5.6092000002867931e-03	
   5.6092000003092508e-03	
   5.6092000003334684e-03	
   5.6092000003595760e-03	
   5.6092000003877445e-03	
   5.6092000004181030e-03	
   5.6092000004508225e-03	
   5.6092000004861189e-03	
   5.6092000005241631e-03	
   5.6092000005652136e-03	
   5.6092000006094413e-03	
   5.6092000006571470e-03	
   5.6092000007086319e-03	
   5.6092000007641101e-03	
   5.6092000008239251e-03	
   5.6092000008884204e-03	
   5.6092000009579819e-03	
   5.6092000010329549e-03	
   5.6092000011138095e-03	
   5.6092000012010201e-03	
   5.6092000012950578e-03	
   5.6092000013964385e-03	
   5.6092000015057625e-03	
   5.6092000016236317e-03	
   5.6092000017507323e-03	
   5.6092000018877963e-03	
   5.6092000020355939e-03	
   5.6092000021949430e-03	
   5.6092000023667873e-03	
   5.6092000025520714e-03	
   5.6092000027518690e-03	
   5.6092000029672974e-03	
   5.6092000031996003e-03	
   5.6092000034501099e-03	
   5.6092000037201994e-03	
   5.6092000040114586e-03	
   5.6092000043254766e-03	
   5.6092000046641406e-03	
   5.6092000050292556e-03	
   5.6092000054230118e-03	
   5.6092000058475559e-03	
   5.6092000063053347e-03	
   5.6092000067989676e-03	
   5.6092000073312042e-03	
   5.6092000079051773e-03	
   5.6092000085240226e-03	
   5.6092000091913473e-03	
   5.6092000099109288e-03	
   5.6092000106868038e-03	
   5.6092000115234384e-03	
   5.6092000124255996e-03	
   5.6092000133983527e-03	
   5.6092000144472810e-03	
   5.6092000155783094e-03	
   5.6092000167978799e-03	
   5.6092000181129477e-03	
   5.6092000195309411e-03	
   5.6092000210599775e-03	
   5.6092000227086856e-03	
   5.6092000244864701e-03	
   5.6092000264034653e-03	
   5.6092000284704907e-03	
   5.6092000306993562e-03	
   5.6092000331027271e-03	
   5.6092000356942600e-03	
   5.6092000384886393e-03	
   5.6092000415017959e-03	
   5.6092000447508627e-03	
   5.6092000482542608e-03	
   5.6092000520319568e-03	
   5.6092000561053772e-03	
   5.6092000604977101e-03	
   5.6092000652339033e-03	
   5.6092000703408806e-03	
   5.6092000758476241e-03	
   5.6092000817855254e-03	
   5.6092000881882900e-03	
   5.6092000950922448e-03	
   5.6092001025367664e-03	
   5.6092001105640648e-03	
   5.6092001192197833e-03	
   5.6092001285531316e-03	
   5.6092001386171828e-03	
   5.6092001494691323e-03	
   5.6092001611705985e-03	
   5.6092001737881808e-03	
   5.6092001873935459e-03	
   5.6092002020639836e-03	
   5.6092002178830128e-03	
   5.6092002349404195e-03	
   5.6092002533332042e-03	
   5.6092002731658822e-03	
   5.6092002945512124e-03	
   5.6092003176107580e-03	
   5.6092003424755687e-03	
   5.6092003692869595e-03	
   5.6092003981973240e-03	
   5.6092004293709901e-03	
   5.6092004629851710e-03	
   5.6092004992309040e-03	
   5.6092005383142143e-03	
   5.6092005804572274e-03	
   5.6092006258995032e-03	
   5.6092006748992805e-03	
   5.6092007277351525e-03	
   5.6092007847073511e-03	
   5.6092008461397702e-03	
   5.6092009123815088e-03	
   5.6092009838091469e-03	
   5.6092010608286358e-03	
   5.6092011438777442e-03	
   5.6092012334285068e-03	
   5.6092013299899731e-03	
   5.6092014341109098e-03	
   5.6092015463831534e-03	
   5.6092016674449165e-03	
   5.6092017979841756e-03	
   5.6092019387430124e-03	
   5.6092020905213922e-03	
   5.6092022541821005e-03	
   5.6092024306552942e-03	
   5.6092026209440407e-03	
   5.6092028261299472e-03	
   5.6092030473792092e-03	
   5.6092032859494404e-03	
   5.6092035431966310e-03	
   5.6092038205829160e-03	
   5.6092041196849516e-03	
   5.6092044422028026e-03	
   5.6092047899696015e-03	
   5.6092051649620301e-03	
   5.6092055693114798e-03	
   5.6092060053162919e-03	
   5.6092064754545536e-03	
   5.6092069823986098e-03	
   5.6092075290297494e-03	
   5.6092081184550375e-03	
   5.6092087540246215e-03	
   5.6092094393510933e-03	
   5.6092101783297614e-03	
   5.6092109751608036e-03	
   5.6092118343734022e-03	
   5.6092127608511613e-03	
   5.6092137598601488e-03	
   5.6092148370785241e-03	
   5.6092159986291280e-03	
   5.6092172511140511e-03	
   5.6092186016522905e-03	
   5.6092200579201121e-03	
   5.6092216281948080e-03	
   5.6092233214016293e-03	
   5.6092251471645382e-03	
   5.6092271158609602e-03	
   5.6092292386807786e-03	
   5.6092315276898034e-03	
   5.6092339958984695e-03	
   5.6092366573358273e-03	
   5.6092395271291930e-03	
   5.6092426215900680e-03	
   5.6092459583070228e-03	
   5.6092495562455706e-03	
   5.6092534358559458e-03	
   5.6092576191893858e-03	
   5.6092621300235148e-03	
   5.6092669939973019e-03	
   5.6092722387570543e-03	
   5.6092778941133226e-03	
   5.6092839922104220e-03	
   5.6092905677093147e-03	
   5.6092976579842288e-03	
   5.6093053033354680e-03	
   5.6093135472183222e-03	
   5.6093224364899700e-03	
   5.6093320216759187e-03	
   5.6093423572572253e-03	
   5.6093535019800965e-03	
   5.6093655191896945e-03	
   5.6093784771903609e-03	
   5.6093924496337898e-03	
   5.6094075159375178e-03	
   5.6094237617366023e-03	
   5.6094412793700902e-03	
   5.6094601684059456e-03	
   5.6094805362070458e-03	
   5.6095024985413468e-03	
   5.6095261802399316e-03	
   5.6095517159063793e-03	
   5.6095792506821113e-03	
   5.6096089410711389e-03	
   5.6096409558295951e-03	
   5.6096754769250079e-03	
   5.6097127005705861e-03	
   5.6097528383403138e-03	
   5.6097961183716929e-03	
   5.6098427866621706e-03	
   5.6098931084676007e-03	
   5.6099473698097632e-03	
   5.6100058791020120e-03	
   5.6100689689022910e-03	
   5.6101369978033685e-03	
   5.6102103524708000e-03	
   5.6102894498407004e-03	
   5.6103747394897121e-03	
   5.6104667061898207e-03	
   5.6105658726640934e-03	
   5.6106728025573614e-03	
   5.6107881036398652e-03	
   5.6109124312617364e-03	
   5.6110464920774965e-03	
   5.6111910480625814e-03	
   5.6113469208440552e-03	
   5.6115149963702456e-03	
   5.6116962299462333e-03	
   5.6118916516631661e-03	
   5.6121023722527788e-03	
   5.6123295894001954e-03	
   5.6125745945507562e-03	
   5.6128387802498944e-03	
   5.6131236480572479e-03	
   5.6134308170804267e-03	
   5.6137620331768827e-03	
   5.6141191788757847e-03	
   5.6145042840766764e-03	
   5.6149195375853689e-03	
   5.6153672995531458e-03	
   5.6158501148889945e-03	
   5.6163707277220361e-03	
   5.6169320969956874e-03	
   5.6175374132823690e-03	
   5.6181901169141428e-03	
   5.6188939175321638e-03	
   5.6196528151663244e-03	
   5.6204711229641147e-03	
   5.6213534916986141e-03	
   5.6223049361938506e-03	
   5.6233308638180936e-03	
   5.6244371052066528e-03	
   5.6256299473885288e-03	
   5.6269161695046256e-03	
   5.6283030813207872e-03	
   5.6297985647535062e-03	
   5.6314111186441902e-03	
   5.6331499070355808e-03	
   5.6350248112245318e-03	
   5.6370464858858131e-03	
   5.6392264195849751e-03	
   5.6415770000235446e-03	
   5.6441115843858776e-03	
   5.6468445751859655e-03	
   5.6497915020441132e-03	
   5.6529691098555247e-03	
   5.6563954538507242e-03	
   5.6600900020842742e-03	
   5.6640737459326754e-03	
   5.6683693192243114e-03	
   5.6730011266759653e-03	
   5.6779954823600936e-03	
   5.6833807589846408e-03	
   5.6891875488273395e-03	
   5.6954488372317333e-03	
   5.7022001896420444e-03	
   5.7094799532300365e-03	
   5.7173294742476335e-03	
   5.7257933323273270e-03	
   5.7349195930455161e-03	
   5.7447600801660498e-03	
   5.7553706690896475e-03	
   5.7668116031513988e-03	
   5.7791478345353012e-03	
   5.7924493917094104e-03	
   5.8067917754301103e-03	
   5.8222563855203652e-03	
   5.8389309807942054e-03	
   5.8569101746795823e-03	
   5.8762959692835043e-03	
   5.8971983308518643e-03	
   5.9197358097964389e-03	
   5.9440362086997482e-03	
   5.9702373019627514e-03	
   5.9984876110323838e-03	
   6.0289472394366760e-03	
   6.0617887721669903e-03	
   6.0971982442785721e-03	
   6.1353761839351506e-03	
   6.1765387355014805e-03	
   6.2209188686900259e-03	
   6.2687676801961240e-03	
   6.3203557947114040e-03	
   6.3759748726863923e-03	
   6.4359392327273798e-03	
   6.5005875970503705e-03	
   6.5702849689883384e-03	
   6.6454246521492604e-03	
   6.7264304214528841e-03	
   6.8137588569405945e-03	
   6.9079018519418549e-03	
   7.0093893079055947e-03	
   7.1187920289513817e-03	
   7.2367248299711699e-03	
   7.3638498729051817e-03	
   7.5008802466291239e-03	
   7.6485838067127648e-03	
   7.8077872921370316e-03	
   7.9793807368802403e-03	
   8.1643221950910977e-03	
   8.3636427993448222e-03	
   8.5784521722116012e-03	
   8.8099442120364302e-03	
   9.0594032744113658e-03	
   9.3282107712877108e-03	
   9.6178522099979839e-03	
   9.9299246945911291e-03	
   1.0266144911794218e-02	
   1.0628357623538243e-02	
   1.1018544687273323e-02	
   1.1438834624176150e-02	
   1.1891512753740386e-02	
   1.2379031911051679e-02	
   1.2904023760175281e-02	
   1.3469310713410756e-02	
   1.4077918461563713e-02	
   1.4733089114694587e-02	
   1.5438294945872717e-02	
   1.6197252722092999e-02	
   1.7013938596511249e-02	
   1.7892603524295229e-02	
   1.8837789150426561e-02	
   1.9854344101479918e-02	
   2.0947440594460163e-02	
   2.2122591253931963e-02	
   2.3385666003618612e-02	
   2.4742908870113392e-02	
   2.6200954504043930e-02	
   2.7766844187713809e-02	
   2.9448041057710088e-02	
   3.1252444226059793e-02	
   3.3188401434177187e-02	
   3.5264719820143897e-02	
   3.7490674322002239e-02	
   3.9876013178149261e-02	
   4.2430959921244127e-02	
   4.5166211195265198e-02	
   4.8092929657802826e-02	
   5.1222731163094531e-02	
   5.4567665357983540e-02	
   5.8140188765694094e-02	
   6.1953129384494134e-02	
   6.6019641794051565e-02	
   7.0353151746306145e-02	
   7.4967289225418635e-02	
   7.9875808998800493e-02	
   8.5092497754926347e-02	
   9.0631067040376864e-02	
   9.6505031375207967e-02	
   1.0272757114887260e-01	
   1.0931138018422877e-01	
   1.1626849820908748e-01	
   1.2361012889556612e-01	
   1.3134644461683484e-01	
   1.3948637962456908e-01	
   1.4803741396011727e-01	
   1.5700535106455923e-01	
   1.6639409272823077e-01	
   1.7620541569380072e-01	
   1.8643875486774267e-01	
   1.9709099866683075e-01	
   2.0815630248904923e-01	
   2.1962592660964717e-01	
   2.3148810492110020e-01	
   2.4372795082178375e-01	
   2.5632740618045252e-01	
   2.6926523864098839e-01	
   2.8251709157700389e-01	
   2.9605558976842955e-01	
   3.0985050238087553e-01	
   3.2386896313132313e-01	
   3.3807574568735510e-01	
   3.5243359045389566e-01	
   3.6690357704494181e-01	
   3.8144553501650041e-01	
   3.9601848394745387e-01	
   4.1058109278455934e-01	
   4.2509214758667019e-01	
   4.3951101645957436e-01	
   4.5379810058804104e-01	
   4.6791526083842860e-01	
   4.8182621038860951e-01	
   4.9549686518192987e-01	
   5.0889564561897926e-01	
   5.2199372470220695e-01	
   5.3476521973540947e-01	
   5.4718732655605262e-01	
   5.5924039705458262e-01	
   5.7090796233635455e-01	
   5.8217670525105059e-01	
   5.9303638711293760e-01	
   6.0347973424420454e-01	
   6.1350229049189708e-01	
   6.2310224211141851e-01	
   6.3228022140305551e-01	
   6.4103909526816216e-01	
   6.4938374445927105e-01	
   6.5732083877592096e-01	
   6.6485861284689896e-01	
   6.7200664647827735e-01	
   6.7877565286863151e-01	
   6.8517727732630263e-01	
   6.9122390849057558e-01	
   6.9692850347558732e-01	
   7.0230442783350167e-01	
   7.0736531077813591e-01	
   7.1212491572401271e-01	
   7.1659702587763185e-01	
   7.2079534436417281e-01	
   7.2473340817874865e-01	
   7.2842451511046535e-01	
   7.3188166269319432e-01	
   7.3511749818222283e-01	
   7.3814427853415010e-01	
   7.4097383937223582e-01	
   7.4361757194515832e-01	
   7.4608640712874941e-01	
   7.4839080557328408e-01	
   7.5054075315960145e-01	
   7.5254576099260606e-01	
   7.5441486922800371e-01	
   7.5615665409548938e-01	
   7.5777923754746723e-01	
   7.5929029902561962e-01	
   7.6069708889743426e-01	
   7.6200644317061783e-01	
   7.6322479914486285e-01	
   7.6435821170755525e-01	
   7.6541237002271723e-01	
   7.6639261440088513e-01	
   7.6730395317189914e-01	
   7.6815107941297056e-01	
   7.6893838741114873e-01	
   7.6966998876272719e-01	
   7.7034972803248947e-01	
   7.7098119791328590e-01	
   7.7156775384153398e-01	
   7.7211252803711983e-01	
   7.7261844294706983e-01	
   7.7308822408153077e-01	
   7.7352441223821744e-01	
   7.7392937511777893e-01	
   7.7430531833766081e-01	
   7.7465429585616252e-01	
   7.7497821982164672e-01	
   7.7527886986437644e-01	
   7.7555790185034179e-01	
   7.7581685611779760e-01	
   7.7605716521813861e-01	
   7.7628016118327769e-01	
   7.7648708234191588e-01	
   7.7667907970706684e-01	
   7.7685722295696646e-01	
   7.7702250603109468e-01	
   7.7717585236251674e-01	
   7.7731811976711285e-01	
   7.7745010500956846e-01	
   7.7757254806523690e-01	
   7.7768613609618908e-01	
   7.7779150715895218e-01	
   7.7788925366061090e-01	
   7.7797992557911666e-01	
   7.7806403346283748e-01	
   7.7814205122356828e-01	
   7.7821441873644592e-01	
   7.7828154425944496e-01	
   7.7834380668439584e-01	
   7.7840155763076369e-01	
   7.7845512339274214e-01	
   7.7850480674957334e-01	
   7.7855088864838395e-01	
   7.7859362976824775e-01	
   7.7863327197362009e-01	
   7.7867003966477177e-01	
   7.7870414103234764e-01	
   7.7873576922270960e-01	
   7.7876510342027983e-01	
   7.7879230985268744e-01	
   7.7881754272412906e-01	
   7.7884094508198976e-01	
   7.7886264962142704e-01	
   7.7888277943229889e-01	
   7.7890144869251510e-01	
   7.7891876331161103e-01	
   7.7893482152808080e-01	
   7.7894971446375627e-01	
   7.7896352663829649e-01	
   7.7897633644662989e-01	
   7.7898821660199802e-01	
   7.7899923454706210e-01	
   7.7900945283535605e-01	
   7.7901892948521478e-01	
   7.7902771830815132e-01	
   7.7903586921351731e-01	
   7.7904342849115116e-01	
   7.7905043907359794e-01	
   7.7905694077937093e-01	
   7.7906297053861961e-01	
   7.7906856260247193e-01	
   7.7907374873722912e-01	
   7.7907855840450435e-01	
   7.7908301892831977e-01	
   7.7908715565010478e-01	
   7.7909099207246824e-01	
   7.7909454999255601e-01	
   7.7909784962574691e-01	
   7.7910090972038615e-01	
   7.7910374766420276e-01	
   7.7910637958301476e-01	
   7.7910882043227903e-01	
   7.7911108408200369e-01	
   7.7911318339550428e-01	
   7.7911513030244894e-01	
   7.7911693586660602e-01	
   7.7911861034867957e-01	
   7.7912016326458544e-01	
   7.7912160343950165e-01	
   7.7912293905799779e-01	
   7.7912417771052700e-01	
   7.7912532643654531e-01	
   7.7912639176450360e-01	
   7.7912737974893542e-01	
   7.7912829600485645e-01	
   7.7912914573966563e-01	
   7.7912993378273265e-01	
   7.7913066461283809e-01	
   7.7913134238362125e-01	
   7.7913197094718278e-01	
   7.7913255387597247e-01	
   7.7913309448309009e-01	
   7.7913359584111175e-01	
   7.7913406079955061e-01	
   7.7913449200104878e-01	
   7.7913489189639640e-01	
   7.7913526275845779e-01	
   7.7913560669508897e-01	
   7.7913592566111600e-01	
   7.7913622146944472e-01	
   7.7913649580136390e-01	
   7.7913675021609963e-01	
   7.7913698615967775e-01	
   7.7913720497314121e-01	
   7.7913740790017205e-01	
   7.7913759609415956e-01	
   7.7913777062475542e-01	
   7.7913793248395335e-01	
   7.7913808259172668e-01	
   7.7913822180125736e-01	
   7.7913835090378447e-01	
   7.7913847063310204e-01	
   7.7913858166972894e-01	
   7.7913868464477720e-01	
   7.7913878014353866e-01	
   7.7913886870881177e-01	
   7.7913895084398666e-01	
   7.7913902701590587e-01	
   7.7913909765751854e-01	
   7.7913916317034004e-01	
   7.7913922392673540e-01	
   7.7913928027203461e-01	
   7.7913933252649581e-01	
   7.7913938098712565e-01	
   7.7913942592936714e-01	
   7.7913946760866581e-01	
   7.7913950626192074e-01	
   7.7913954210883163e-01	
   7.7913957535314748e-01	
   7.7913960618382427e-01	
   7.7913963477609960e-01	
   7.7913966129248791e-01	
   7.7913968588370497e-01	
   7.7913970868952398e-01	
   7.7913972983957025e-01	
   7.7913974945405795e-01	
   7.7913976764447312e-01	
   7.7913978451420796e-01	
   7.7913980015914797e-01	
   7.7913981466821669e-01	
   7.7913982812388205e-01	
   7.7913984060262442e-01	
   7.7913985217537118e-01	
   7.7913986290790083e-01	
   7.7913987286121533e-01	
   7.7913988209188811e-01	
   7.7913989065238543e-01	
   7.7913989859136401e-01	
   7.7913990595394789e-01	
   7.7913991278198524e-01	
   7.7913991911428582e-01	
   7.7913992498684170e-01	
   7.7913993043303165e-01	
   7.7913993548381122e-01	
   7.7913994016788835e-01	
   7.7913994451188684e-01	
   7.7913994854049762e-01	
   7.7913995227661847e-01	
   7.7913995574148542e-01	
   7.7913995895479216e-01	
   7.7913996193480273e-01	
   7.7913996469845515e-01	
   7.7913996726145784e-01	
   7.7913996963837862e-01	
   7.7913997184272743e-01	
   7.7913997388703360e-01	
   7.7913997578291683e-01	
   7.7913997754115283e-01	
   7.7913997917173550e-01	
   7.7913998068393275e-01	
   7.7913998208633972e-01	
   7.7913998338692758e-01	
   7.7913998459308875e-01	
   7.7913998571167875e-01	
   7.7913998674905571e-01	
   7.7913998771111570e-01	
   7.7913998860332723e-01	
   7.7913998943076146e-01	
   7.7913999019812130e-01	
   7.7913999090976838e-01	
   7.7913999156974767e-01	
   7.7913999218181040e-01	
   7.7913999274943557e-01	
   7.7913999327584915e-01	
   7.7913999376404364e-01	
   7.7913999421679359e-01	
   7.7913999463667261e-01	
   7.7913999502606690e-01	
   7.7913999538719003e-01	
   7.7913999572209447e-01	
   7.7913999603268380e-01	
   7.7913999632072339e-01	
   7.7913999658785038e-01	
   7.7913999683558322e-01	
   7.7913999706532988e-01	
   7.7913999727839600e-01	
   7.7913999747599305e-01	
   7.7913999765924391e-01	
   7.7913999782919008e-01	
   7.7913999798679767e-01	
   7.7913999813296253e-01	
   7.7913999826851521e-01	
   7.7913999839422654e-01	
   7.7913999851081062e-01	
   7.7913999861893057e-01	
   7.7913999871920048e-01	
   7.7913999881219054e-01	
   7.7913999889842922e-01	
   7.7913999897840669e-01	
   7.7913999905257758e-01	
   7.7913999912136345e-01	
   7.7913999918515520e-01	
   7.7913999924431554e-01	
   7.7913999929918054e-01	
   7.7913999935006228e-01	
   7.7913999939724976e-01	
   7.7913999944101131e-01	
   7.7913999948159574e-01	
   7.7913999951923352e-01	
   7.7913999955413860e-01	
   7.7913999958650959e-01	
   7.7913999961653035e-01	
   7.7913999964437131e-01	
   7.7913999967019110e-01	
   7.7913999969413628e-01	
   7.7913999971634296e-01	
   7.7913999973693737e-01	
   7.7913999975603654e-01	
   7.7913999977374904e-01	
   7.7913999979017556e-01	
   7.7913999980540949e-01	
   7.7913999981953730e-01	
   7.7913999983263960e-01	
   7.7913999984479043e-01	
   7.7913999985605920e-01	
   7.7913999986650961e-01	
   7.7913999987620153e-01	
   7.7913999988518978e-01	
   7.7913999989352523e-01	
   7.7913999990125571e-01	
   7.7913999990842486e-01	
   7.7913999991507343e-01	
   7.7913999992123939e-01	
   7.7913999992695770e-01	
   7.7913999993226080e-01	
   7.7913999993717897e-01	
   7.7913999994173988e-01	
   7.7913999994596983e-01	
   7.7913999994989247e-01	
   7.7913999995353045e-01	
   7.7913999995690431e-01	
   7.7913999996003325e-01	
   7.7913999996293493e-01	
   7.7913999996562600e-01	
   7.7913999996812167e-01	
   7.7913999997043615e-01	
   7.7913999997258254e-01	
   7.7913999997457317e-01	
   7.7913999997641914e-01	
   7.7913999997813121e-01	
   7.7913999997971906e-01	
   7.7913999998119143e-01	
   7.7913999998255701e-01	
   7.7913999998382355e-01	
   7.7913999998499794e-01	
   7.7913999998608707e-01	
   7.7913999998709726e-01	
   7.7913999998803396e-01	
   7.7913999998890271e-01	
   7.7913999998970851e-01	
   7.7913999999045569e-01	
   7.7913999999114869e-01	
   7.7913999999179129e-01	
   7.7913999999238726e-01	
   7.7913999999293992e-01	
   7.7913999999345263e-01	
   7.7913999999392791e-01	
   7.7913999999436878e-01	
   7.7913999999477768e-01	
   7.7913999999515682e-01	
   7.7913999999550843e-01	
   7.7913999999583461e-01	
   7.7913999999613692e-01	
   7.7913999999641748e-01	
   7.7913999999667760e-01	
   7.7913999999691874e-01	
   7.7913999999714256e-01	
   7.7913999999734995e-01	
   7.7913999999754235e-01	
   7.7913999999772077e-01	
   7.7913999999788619e-01	
   7.7913999999803973e-01	
   7.7913999999818206e-01	
   7.7913999999831407e-01	
   7.7913999999843642e-01	
   7.7913999999854999e-01	
   7.7913999999865524e-01	
   7.7913999999875294e-01	
   7.7913999999884342e-01	
   7.7913999999892747e-01	
   7.7913999999900529e-01	
   7.7913999999907757e-01	
   7.7913999999914452e-01	
   7.7913999999920658e-01	
   7.7913999999926420e-01	
   7.7913999999931771e-01	
   7.7913999999936723e-01	
   7.7913999999941319e-01	
   7.7913999999945571e-01	
   7.7913999999949524e-01	
   7.7913999999953187e-01	
   7.7913999999956585e-01	
   7.7913999999959749e-01	
   7.7913999999962669e-01	
   7.7913999999965378e-01	
   7.7913999999967887e-01	
   7.7913999999970218e-01	
   7.7913999999972383e-01	
   7.7913999999974393e-01	
   7.7913999999976247e-01	
   7.7913999999977968e-01	
   7.7913999999979577e-01	
   7.7913999999981065e-01	
   7.7913999999982431e-01	
   7.7913999999983707e-01	
   7.7913999999984895e-01	
   7.7913999999985994e-01	
   7.7913999999987005e-01	
   7.7913999999987948e-01	
   7.7913999999988826e-01	
   7.7913999999989636e-01	
   7.7913999999990391e-01	
   7.7913999999991090e-01	
   7.7913999999991734e-01	
   7.7913999999992334e-01	
   7.7913999999992900e-01	
   7.7913999999993411e-01	
   7.7913999999993888e-01	
   7.7913999999994332e-01	
   7.7913999999994754e-01	
   7.7913999999995132e-01	
   7.7913999999995476e-01	
   7.7913999999995820e-01	
   7.7913999999996120e-01	
   7.7913999999996397e-01	
   7.7913999999996653e-01	
   7.7913999999996897e-01	
   7.7913999999997130e-01	
   7.7913999999997330e-01	
   7.7913999999997530e-01	
   7.7913999999997707e-01	
   7.7913999999997874e-01	
   7.7913999999998029e-01	
   7.7913999999998163e-01	
   7.7913999999998307e-01	
   7.7913999999998429e-01	
   7.7913999999998540e-01	
   7.7913999999998651e-01	
   7.7913999999998751e-01	
   7.7913999999998840e-01	
   7.7913999999998929e-01	
   7.7913999999999006e-01	
   7.7913999999999073e-01	
   7.7913999999999151e-01	
   7.7913999999999206e-01	
   7.7913999999999262e-01	
   7.7913999999999317e-01	
   7.7913999999999373e-01	
   7.7913999999999417e-01	
   7.7913999999999450e-01	
   7.7913999999999495e-01	
   7.7913999999999528e-01	
   7.7913999999999572e-01	
   7.7913999999999606e-01	
   7.7913999999999628e-01	
   7.7913999999999661e-01	
   7.7913999999999684e-01	
   7.7913999999999706e-01	
   7.7913999999999728e-01	
   7.7913999999999750e-01	
   7.7913999999999761e-01	
   7.7913999999999783e-01	
   7.7913999999999795e-01	
   7.7913999999999817e-01	
   7.7913999999999839e-01	
   7.7913999999999839e-01	
   7.7913999999999850e-01	
   7.7913999999999872e-01	
   7.7913999999999872e-01	
   7.7913999999999883e-01	
   7.7913999999999894e-01	
   7.7913999999999906e-01	
   7.7913999999999906e-01	
   7.7913999999999917e-01	
   7.7913999999999917e-01	
   7.7913999999999928e-01	
   7.7913999999999939e-01	
   7.7913999999999939e-01	
   7.7913999999999950e-01	
   7.7913999999999950e-01	
   7.7913999999999950e-01	
   7.7913999999999950e-01	
   7.7913999999999950e-01	
   7.7913999999999961e-01	
   7.7913999999999972e-01	
   7.7913999999999972e-01	
   7.7913999999999972e-01	
   7.7913999999999972e-01	
   7.7913999999999972e-01	
   7.7913999999999983e-01	
   7.7913999999999983e-01	
   7.7913999999999983e-01	
   7.7913999999999983e-01	
   7.7913999999999983e-01	
   7.7913999999999983e-01	
   7.7913999999999983e-01	
   7.7913999999999983e-01	
   7.7913999999999983e-01	
   7.7913999999999983e-01	
   7.7913999999999983e-01	
   7.7913999999999983e-01	
   7.7913999999999983e-01	
   7.7913999999999994e-01	
   7.7913999999999994e-01	
   7.7913999999999994e-01	
   7.7913999999999994e-01	
   7.7913999999999994e-01	
   7.7913999999999994e-01	
   7.7914000000000005e-01	
   7.7914000000000005e-01	
   7.7914000000000005e-01	
   7.7913999999999994e-01	
   7.7913999999999994e-01	
   7.7913999999999994e-01	
   7.7913999999999994e-01	
   7.7913999999999994e-01	
   7.7913999999999994e-01	
   7.7913999999999994e-01	
   7.7913999999999994e-01	
   7.7913999999999994e-01	
   7.7913999999999994e-01	
   7.7913999999999994e-01	
   7.7913999999999994e-01	
   7.7914000000000005e-01	
   7.7914000000000005e-01	
   7.7914000000000005e-01	
   7.7913999999999994e-01	
   7.7913999999999994e-01	
   7.7913999999999994e-01	
   7.7913999999999994e-01	
   7.7913999999999994e-01	
   7.7913999999999994e-01	
   7.7913999999999983e-01	
   7.7913999999999983e-01	
   7.7913999999999983e-01	
   7.7913999999999983e-01	
   7.7913999999999983e-01	
   7.7913999999999983e-01	
   7.7913999999999983e-01	
   7.7913999999999983e-01	
   7.7913999999999983e-01	
   7.7913999999999983e-01	
   7.7913999999999983e-01	
   7.7913999999999983e-01	
   7.7913999999999983e-01	
   7.7913999999999972e-01	
   7.7913999999999972e-01	
   7.7913999999999972e-01	
   7.7913999999999972e-01	
   7.7913999999999972e-01	
   7.7913999999999961e-01	
   7.7913999999999950e-01	
   7.7913999999999950e-01	
   7.7913999999999950e-01	
   7.7913999999999950e-01	
   7.7913999999999950e-01	
   7.7913999999999939e-01	
   7.7913999999999939e-01	
   7.7913999999999928e-01	
   7.7913999999999917e-01	
   7.7913999999999917e-01	
   7.7913999999999906e-01	
   7.7913999999999906e-01	
   7.7913999999999894e-01	
   7.7913999999999883e-01	
   7.7913999999999872e-01	
   7.7913999999999872e-01	
   7.7913999999999850e-01	
   7.7913999999999839e-01	
   7.7913999999999839e-01	
   7.7913999999999817e-01	
   7.7913999999999795e-01	
   7.7913999999999783e-01	
   7.7913999999999761e-01	
   7.7913999999999750e-01	
   7.7913999999999728e-01	
   7.7913999999999706e-01	
   7.7913999999999684e-01	
   7.7913999999999661e-01	
   7.7913999999999628e-01	
   7.7913999999999606e-01	
   7.7913999999999572e-01	
   7.7913999999999528e-01	
   7.7913999999999495e-01	
   7.7913999999999450e-01	
   7.7913999999999417e-01	
   7.7913999999999373e-01	
   7.7913999999999317e-01	
   7.7913999999999262e-01	
   7.7913999999999206e-01	
   7.7913999999999151e-01	
   7.7913999999999073e-01	
   7.7913999999999006e-01	
   7.7913999999998929e-01	
   7.7913999999998840e-01	
   7.7913999999998751e-01	
   7.7913999999998651e-01	
   7.7913999999998540e-01	
   7.7913999999998429e-01	
   7.7913999999998307e-01	
   7.7913999999998163e-01	
   7.7913999999998029e-01	
   7.7913999999997874e-01	
   7.7913999999997707e-01	
   7.7913999999997530e-01	
   7.7913999999997330e-01	
   7.7913999999997130e-01	
   7.7913999999996897e-01	
   7.7913999999996653e-01	
   7.7913999999996397e-01	
   7.7913999999996120e-01	
   7.7913999999995820e-01	
   7.7913999999995476e-01	
   7.7913999999995132e-01	
   7.7913999999994754e-01	
   7.7913999999994332e-01	
   7.7913999999993888e-01	
   7.7913999999993411e-01	
   7.7913999999992900e-01	
   7.7913999999992334e-01	
   7.7913999999991734e-01	
   7.7913999999991090e-01	
   7.7913999999990391e-01	
   7.7913999999989636e-01	
   7.7913999999988826e-01	
   7.7913999999987948e-01	
   7.7913999999987005e-01	
   7.7913999999985994e-01	
   7.7913999999984895e-01	
   7.7913999999983707e-01	
   7.7913999999982431e-01	
   7.7913999999981065e-01	
   7.7913999999979577e-01	
   7.7913999999977968e-01	
   7.7913999999976247e-01	
   7.7913999999974393e-01	
   7.7913999999972383e-01	
   7.7913999999970218e-01	
   7.7913999999967887e-01	
   7.7913999999965378e-01	
   7.7913999999962669e-01	
   7.7913999999959749e-01	
   7.7913999999956585e-01	
   7.7913999999953187e-01	
   7.7913999999949524e-01	
   7.7913999999945571e-01	
   7.7913999999941319e-01	
   7.7913999999936723e-01	
   7.7913999999931771e-01	
   7.7913999999926420e-01	
   7.7913999999920658e-01	
   7.7913999999914452e-01	
   7.7913999999907757e-01	
   7.7913999999900529e-01	
   7.7913999999892747e-01	
   7.7913999999884342e-01	
   7.7913999999875294e-01	
   7.7913999999865524e-01	
   7.7913999999854999e-01	
   7.7913999999843642e-01	
   7.7913999999831407e-01	
   7.7913999999818206e-01	
   7.7913999999803973e-01	
   7.7913999999788619e-01	
   7.7913999999772077e-01	
   7.7913999999754235e-01	
   7.7913999999734995e-01	
   7.7913999999714256e-01	
   7.7913999999691874e-01	
   7.7913999999667760e-01	
   7.7913999999641748e-01	
   7.7913999999613692e-01	
   7.7913999999583461e-01	
   7.7913999999550843e-01	
   7.7913999999515682e-01	
   7.7913999999477768e-01	
   7.7913999999436878e-01	
   7.7913999999392791e-01	
   7.7913999999345263e-01	
   7.7913999999293992e-01	
   7.7913999999238726e-01	
   7.7913999999179129e-01	
   7.7913999999114869e-01	
   7.7913999999045569e-01	
   7.7913999998970851e-01	
   7.7913999998890271e-01	
   7.7913999998803396e-01	
   7.7913999998709726e-01	
   7.7913999998608707e-01	
   7.7913999998499794e-01	
   7.7913999998382355e-01	
   7.7913999998255701e-01	
   7.7913999998119143e-01	
   7.7913999997971906e-01	
   7.7913999997813121e-01	
   7.7913999997641914e-01	
   7.7913999997457317e-01	
   7.7913999997258254e-01	
   7.7913999997043615e-01	
   7.7913999996812167e-01	
   7.7913999996562600e-01	
   7.7913999996293493e-01	
   7.7913999996003325e-01	
   7.7913999995690431e-01	
   7.7913999995353045e-01	
   7.7913999994989247e-01	
   7.7913999994596983e-01	
   7.7913999994173988e-01	
   7.7913999993717897e-01	
   7.7913999993226080e-01	
   7.7913999992695770e-01	
   7.7913999992123939e-01	
   7.7913999991507343e-01	
   7.7913999990842486e-01	
   7.7913999990125571e-01	
   7.7913999989352523e-01	
   7.7913999988518978e-01	
   7.7913999987620153e-01	
   7.7913999986650961e-01	
   7.7913999985605920e-01	
   7.7913999984479043e-01	
   7.7913999983263960e-01	
   7.7913999981953730e-01	
   7.7913999980540949e-01	
   7.7913999979017556e-01	
   7.7913999977374904e-01	
   7.7913999975603654e-01	
   7.7913999973693737e-01	
   7.7913999971634296e-01	
   7.7913999969413628e-01	
   7.7913999967019110e-01	
   7.7913999964437131e-01	
   7.7913999961653035e-01	
   7.7913999958650959e-01	
   7.7913999955413860e-01	
   7.7913999951923352e-01	
   7.7913999948159574e-01	
   7.7913999944101131e-01	
   7.7913999939724976e-01	
   7.7913999935006228e-01	
   7.7913999929918054e-01	
   7.7913999924431554e-01	
   7.7913999918515520e-01	
   7.7913999912136345e-01	
   7.7913999905257758e-01	
   7.7913999897840669e-01	
   7.7913999889842922e-01	
   7.7913999881219054e-01	
   7.7913999871920048e-01	
   7.7913999861893057e-01	
   7.7913999851081062e-01	
   7.7913999839422654e-01	
   7.7913999826851521e-01	
   7.7913999813296253e-01	
   7.7913999798679767e-01	
   7.7913999782919008e-01	
   7.7913999765924391e-01	
   7.7913999747599305e-01	
   7.7913999727839600e-01	
   7.7913999706532988e-01	
   7.7913999683558322e-01	
   7.7913999658785038e-01	
   7.7913999632072339e-01	
   7.7913999603268380e-01	
   7.7913999572209447e-01	
   7.7913999538719003e-01	
   7.7913999502606690e-01	
   7.7913999463667261e-01	
   7.7913999421679359e-01	
   7.7913999376404364e-01	
   7.7913999327584915e-01	
   7.7913999274943557e-01	
   7.7913999218181040e-01	
   7.7913999156974767e-01	
   7.7913999090976838e-01	
   7.7913999019812130e-01	
   7.7913998943076146e-01	
   7.7913998860332723e-01	
   7.7913998771111570e-01	
   7.7913998674905571e-01	
   7.7913998571167875e-01	
   7.7913998459308875e-01	
   7.7913998338692758e-01	
   7.7913998208633972e-01	
   7.7913998068393275e-01	
   7.7913997917173550e-01	
   7.7913997754115283e-01	
   7.7913997578291683e-01	
   7.7913997388703360e-01	
   7.7913997184272743e-01	
   7.7913996963837862e-01	
   7.7913996726145784e-01	
   7.7913996469845515e-01	
   7.7913996193480273e-01	
   7.7913995895479216e-01	
   7.7913995574148542e-01	
   7.7913995227661847e-01	
   7.7913994854049762e-01	
   7.7913994451188684e-01	
   7.7913994016788835e-01	
   7.7913993548381122e-01	
   7.7913993043303165e-01	
   7.7913992498684170e-01	
   7.7913991911428582e-01	
   7.7913991278198524e-01	
   7.7913990595394789e-01	
   7.7913989859136401e-01	
   7.7913989065238543e-01	
   7.7913988209188811e-01	
   7.7913987286121533e-01	
   7.7913986290790083e-01	
   7.7913985217537118e-01	
   7.7913984060262442e-01	
   7.7913982812388205e-01	
   7.7913981466821669e-01	
   7.7913980015914797e-01	
   7.7913978451420796e-01	
   7.7913976764447312e-01	
   7.7913974945405795e-01	
   7.7913972983957025e-01	
   7.7913970868952398e-01	
   7.7913968588370497e-01	
   7.7913966129248791e-01	
   7.7913963477609960e-01	
   7.7913960618382427e-01	
   7.7913957535314748e-01	
   7.7913954210883163e-01	
   7.7913950626192074e-01	
   7.7913946760866581e-01	
   7.7913942592936714e-01	
   7.7913938098712565e-01	
   7.7913933252649581e-01	
   7.7913928027203461e-01	
   7.7913922392673540e-01	
   7.7913916317034004e-01	
   7.7913909765751854e-01	
   7.7913902701590587e-01	
   7.7913895084398666e-01	
   7.7913886870881177e-01	
   7.7913878014353866e-01	
   7.7913868464477720e-01	
   7.7913858166972894e-01	
   7.7913847063310204e-01	
   7.7913835090378447e-01	
   7.7913822180125736e-01	
   7.7913808259172668e-01	
   7.7913793248395335e-01	
   7.7913777062475542e-01	
   7.7913759609415956e-01	
   7.7913740790017205e-01	
   7.7913720497314121e-01	
   7.7913698615967775e-01	
   7.7913675021609963e-01	
   7.7913649580136390e-01	
   7.7913622146944472e-01	
   7.7913592566111600e-01	
   7.7913560669508897e-01	
   7.7913526275845779e-01	
   7.7913489189639640e-01	
   7.7913449200104878e-01	
   7.7913406079955061e-01	
   7.7913359584111175e-01	
   7.7913309448309009e-01	
   7.7913255387597247e-01	
   7.7913197094718278e-01	
   7.7913134238362125e-01	
   7.7913066461283809e-01	
   7.7912993378273265e-01	
   7.7912914573966563e-01	
   7.7912829600485645e-01	
   7.7912737974893542e-01	
   7.7912639176450360e-01	
   7.7912532643654531e-01	
   7.7912417771052700e-01	
   7.7912293905799779e-01	
   7.7912160343950165e-01	
   7.7912016326458544e-01	
   7.7911861034867957e-01	
   7.7911693586660602e-01	
   7.7911513030244894e-01	
   7.7911318339550428e-01	
   7.7911108408200369e-01	
   7.7910882043227903e-01	
   7.7910637958301476e-01	
   7.7910374766420276e-01	
   7.7910090972038615e-01	
   7.7909784962574691e-01	
   7.7909454999255601e-01	
   7.7909099207246824e-01	
   7.7908715565010478e-01	
   7.7908301892831977e-01	
   7.7907855840450435e-01	
   7.7907374873722912e-01	
   7.7906856260247193e-01	
   7.7906297053861961e-01	
   7.7905694077937093e-01	
   7.7905043907359794e-01	
   7.7904342849115116e-01	
   7.7903586921351731e-01	
   7.7902771830815132e-01	
   7.7901892948521478e-01	
   7.7900945283535605e-01	
   7.7899923454706210e-01	
   7.7898821660199802e-01	
   7.7897633644662989e-01	
   7.7896352663829649e-01	
   7.7894971446375627e-01	
   7.7893482152808080e-01	
   7.7891876331161103e-01	
   7.7890144869251510e-01	
   7.7888277943229889e-01	
   7.7886264962142704e-01	
   7.7884094508198976e-01	
   7.7881754272412906e-01	
   7.7879230985268744e-01	
   7.7876510342027983e-01	
   7.7873576922270960e-01	
   7.7870414103234764e-01	
   7.7867003966477177e-01	
   7.7863327197362009e-01	
   7.7859362976824775e-01	
   7.7855088864838395e-01	
   7.7850480674957334e-01	
   7.7845512339274214e-01	
   7.7840155763076369e-01	
   7.7834380668439584e-01	
   7.7828154425944496e-01	
   7.7821441873644592e-01	
   7.7814205122356828e-01	
   7.7806403346283748e-01	
   7.7797992557911666e-01	
   7.7788925366061090e-01	
   7.7779150715895218e-01	
   7.7768613609618908e-01	
   7.7757254806523690e-01	
   7.7745010500956846e-01	
   7.7731811976711285e-01	
   7.7717585236251685e-01	
   7.7702250603109468e-01	
   7.7685722295696646e-01	
   7.7667907970706684e-01	
   7.7648708234191588e-01	
   7.7628016118327769e-01	
   7.7605716521813861e-01	
   7.7581685611779760e-01	
   7.7555790185034179e-01	
   7.7527886986437644e-01	
   7.7497821982164672e-01	
   7.7465429585616252e-01	
   7.7430531833766081e-01	
   7.7392937511777893e-01	
   7.7352441223821744e-01	
   7.7308822408153066e-01	
   7.7261844294706983e-01	
   7.7211252803711983e-01	
   7.7156775384153398e-01	
   7.7098119791328590e-01	
   7.7034972803248958e-01	
   7.6966998876272708e-01	
   7.6893838741114873e-01	
   7.6815107941297056e-01	
   7.6730395317189914e-01	
   7.6639261440088513e-01	
   7.6541237002271734e-01	
   7.6435821170755525e-01	
   7.6322479914486263e-01	
   7.6200644317061772e-01	
   7.6069708889743426e-01	
   7.5929029902561962e-01	
   7.5777923754746723e-01	
   7.5615665409548949e-01	
   7.5441486922800383e-01	
   7.5254576099260595e-01	
   7.5054075315960145e-01	
   7.4839080557328408e-01	
   7.4608640712874941e-01	
   7.4361757194515832e-01	
   7.4097383937223604e-01	
   7.3814427853414988e-01	
   7.3511749818222250e-01	
   7.3188166269319432e-01	
   7.2842451511046535e-01	
   7.2473340817874865e-01	
   7.2079534436417314e-01	
   7.1659702587763230e-01	
   7.1212491572401226e-01	
   7.0736531077813558e-01	
   7.0230442783350167e-01	
   6.9692850347558732e-01	
   6.9122390849057558e-01	
   6.8517727732630329e-01	
   6.7877565286863206e-01	
   6.7200664647827668e-01	
   6.6485861284689896e-01	
   6.5732083877592096e-01	
   6.4938374445927105e-01	
   6.4103909526816216e-01	
   6.3228022140305629e-01	
   6.2310224211141785e-01	
   6.1350229049189620e-01	
   6.0347973424420454e-01	
   5.9303638711293760e-01	
   5.8217670525105059e-01	
   5.7090796233635555e-01	
   5.5924039705458373e-01	
   5.4718732655605162e-01	
   5.3476521973540836e-01	
   5.2199372470220695e-01	
   5.0889564561897926e-01	
   4.9549686518192987e-01	
   4.8182621038861079e-01	
   4.6791526083842988e-01	
   4.5379810058803977e-01	
   4.3951101645957436e-01	
   4.2509214758667019e-01	
   4.1058109278455934e-01	
   3.9601848394745387e-01	
   3.8144553501650169e-01	
   3.6690357704494053e-01	
   3.5243359045389439e-01	
   3.3807574568735510e-01	
   3.2386896313132313e-01	
   3.0985050238087553e-01	
   2.9605558976843077e-01	
   2.8251709157700511e-01	
   2.6926523864098723e-01	
   2.5632740618045136e-01	
   2.4372795082178375e-01	
   2.3148810492110020e-01	
   2.1962592660964717e-01	
   2.0815630248905020e-01	
   1.9709099866683169e-01	
   1.8643875486774175e-01	
   1.7620541569380072e-01	
   1.6639409272823077e-01	
   1.5700535106455923e-01	
   1.4803741396011727e-01	
   1.3948637962456978e-01	
   1.3134644461683415e-01	
   1.2361012889556547e-01	
   1.1626849820908748e-01	
   1.0931138018422877e-01	
   1.0272757114887260e-01	
   9.6505031375208480e-02	
   9.0631067040377378e-02	
   8.5092497754925875e-02	
   7.9875808998800063e-02	
   7.4967289225418635e-02	
   7.0353151746306145e-02	
   6.6019641794051565e-02	
   6.1953129384494474e-02	
   5.8140188765694441e-02	
   5.4567665357983242e-02	
   5.1222731163094233e-02	
   4.8092929657802826e-02	
   4.5166211195265198e-02	
   4.2430959921244127e-02	
   3.9876013178149476e-02	
   3.7490674322002412e-02	
   3.5264719820143724e-02	
   3.3188401434177187e-02	
   3.1252444226059793e-02	
   2.9448041057710088e-02	
   2.7766844187713809e-02	
   2.6200954504044062e-02	
   2.4742908870113267e-02	
   2.3385666003618487e-02	
   2.2122591253931963e-02	
   2.0947440594460163e-02	
   1.9854344101479918e-02	
   1.8837789150426644e-02	
   1.7892603524295315e-02	
   1.7013938596511166e-02	
   1.6197252722092916e-02	
   1.5438294945872717e-02	
   1.4733089114694587e-02	
   1.4077918461563713e-02	
   1.3469310713410799e-02	
   1.2904023760175323e-02	
   1.2379031911051636e-02	
   1.1891512753740386e-02	
   1.1438834624176150e-02	
   1.1018544687273323e-02	
   1.0628357623538243e-02	
   1.0266144911794218e-02	
   9.9299246945910857e-03	
   9.6178522099979839e-03	
   9.3282107712877108e-03	
   9.0594032744113658e-03	
   8.8099442120364302e-03	
   8.5784521722116012e-03	
   8.3636427993448656e-03	
   8.1643221950910977e-03	
   7.9793807368802403e-03	
   7.8077872921370316e-03	
   7.6485838067127648e-03	
   7.5008802466291239e-03	
   7.3638498729051817e-03	
   7.2367248299711699e-03	
   7.1187920289513817e-03	
   7.0093893079055947e-03	
   6.9079018519418549e-03	
   6.8137588569405945e-03	
   6.7264304214528841e-03	
   6.6454246521492604e-03	
   6.5702849689883384e-03	
   6.5005875970503280e-03	
   6.4359392327273798e-03	
   6.3759748726863923e-03	
   6.3203557947114040e-03	
   6.2687676801961240e-03	
   6.2209188686900259e-03	
   6.1765387355014805e-03	
   6.1353761839351506e-03	
   6.0971982442785721e-03	
   6.0617887721669903e-03	
   6.0289472394366760e-03	
   5.9984876110323838e-03	
   5.9702373019627514e-03	
   5.9440362086997482e-03	
   5.9197358097964389e-03	
   5.8971983308518643e-03	
   5.8762959692835043e-03	
   5.8569101746795823e-03	
   5.8389309807942054e-03	
   5.8222563855203652e-03	
   5.8067917754301103e-03	
   5.7924493917094104e-03	
   5.7791478345353012e-03	
   5.7668116031513988e-03	
   5.7553706690896475e-03	
   5.7447600801660498e-03	
   5.7349195930455161e-03	
   5.7257933323273270e-03	
   5.7173294742476335e-03	
   5.7094799532300365e-03	
   5.7022001896420444e-03	
   5.6954488372317333e-03	
   5.6891875488273395e-03	
   5.6833807589846408e-03	
   5.6779954823600936e-03	
   5.6730011266759653e-03	
   5.6683693192243114e-03	
   5.6640737459326754e-03	
   5.6600900020842742e-03	
   5.6563954538506808e-03	
   5.6529691098555247e-03	
   5.6497915020441132e-03	
   5.6468445751859655e-03	
   5.6441115843858776e-03	
   5.6415770000235446e-03	
   5.6392264195849751e-03	
   5.6370464858858131e-03	
   5.6350248112245318e-03	
   5.6331499070355808e-03	
   5.6314111186441902e-03	
   5.6297985647535062e-03	
   5.6283030813207872e-03	
   5.6269161695046256e-03	
   5.6256299473885288e-03	
   5.6244371052066961e-03	
   5.6233308638180936e-03	
   5.6223049361938506e-03	
   5.6213534916986141e-03	
   5.6204711229641147e-03	
   5.6196528151663244e-03	
   5.6188939175321638e-03	
   5.6181901169141428e-03	
   5.6175374132823690e-03	
   5.6169320969956874e-03	
   5.6163707277220361e-03	
   5.6158501148889945e-03	
   5.6153672995531458e-03	
   5.6149195375853689e-03	
   5.6145042840766764e-03	
   5.6141191788757847e-03	
   5.6137620331768827e-03	
   5.6134308170804267e-03	
   5.6131236480572479e-03	
   5.6128387802498944e-03	
   5.6125745945507562e-03	
   5.6123295894001954e-03	
   5.6121023722527788e-03	
   5.6118916516631661e-03	
   5.6116962299462333e-03	
   5.6115149963702456e-03	
   5.6113469208440552e-03	
   5.6111910480625814e-03	
   5.6110464920774965e-03	
   5.6109124312617364e-03	
   5.6107881036398652e-03	
   5.6106728025573614e-03	
   5.6105658726640934e-03	
   5.6104667061898207e-03	
   5.6103747394897121e-03	
   5.6102894498407004e-03	
   5.6102103524708000e-03	
   5.6101369978033685e-03	
   5.6100689689022910e-03	
   5.6100058791020120e-03	
   5.6099473698097632e-03	
   5.6098931084676007e-03	
   5.6098427866621706e-03	
   5.6097961183716929e-03	
   5.6097528383403138e-03	
   5.6097127005705861e-03	
   5.6096754769250079e-03	
   5.6096409558295951e-03	
   5.6096089410711389e-03	
   5.6095792506821113e-03	
   5.6095517159063793e-03	
   5.6095261802399316e-03	
   5.6095024985413468e-03	
   5.6094805362070458e-03	
   5.6094601684059456e-03	
   5.6094412793700902e-03	
   5.6094237617366023e-03	
   5.6094075159375178e-03	
   5.6093924496337898e-03	
   5.6093784771903609e-03	
   5.6093655191896945e-03	
   5.6093535019800965e-03	
   5.6093423572572253e-03	
   5.6093320216759187e-03	
   5.6093224364899700e-03	
   5.6093135472183222e-03	
   5.6093053033354680e-03	
   5.6092976579842288e-03	
   5.6092905677093147e-03	
   5.6092839922104220e-03	
   5.6092778941133226e-03	
   5.6092722387570543e-03	
   5.6092669939973019e-03	
   5.6092621300235148e-03	
   5.6092576191893858e-03	
   5.6092534358559458e-03	
   5.6092495562455706e-03	
   5.6092459583070228e-03	
   5.6092426215900680e-03	
   5.6092395271291930e-03	
   5.6092366573358273e-03	
   5.6092339958984695e-03	
   5.6092315276898034e-03	
   5.6092292386807786e-03	
   5.6092271158609602e-03	
   5.6092251471645382e-03	
   5.6092233214016293e-03	
   5.6092216281948080e-03	
   5.6092200579201121e-03	
   5.6092186016522905e-03	
   5.6092172511140511e-03	
   5.6092159986291280e-03	
   5.6092148370785241e-03	
   5.6092137598601488e-03	
   5.6092127608511613e-03	
   5.6092118343734022e-03	
   5.6092109751608036e-03	
   5.6092101783297614e-03	
   5.6092094393510933e-03	
   5.6092087540246215e-03	
   5.6092081184550375e-03	
   5.6092075290297494e-03	
   5.6092069823986098e-03	
   5.6092064754545536e-03	
   5.6092060053162919e-03	
   5.6092055693114798e-03	
   5.6092051649620301e-03	
   5.6092047899696015e-03	
   5.6092044422028026e-03	
   5.6092041196849516e-03	
   5.6092038205829160e-03	
   5.6092035431966310e-03	
   5.6092032859494404e-03	
   5.6092030473792092e-03	
   5.6092028261299472e-03	
   5.6092026209440407e-03	
   5.6092024306552942e-03	
   5.6092022541821005e-03	
   5.6092020905213922e-03	
   5.6092019387430124e-03	
   5.6092017979841756e-03	
   5.6092016674449165e-03	
   5.6092015463831534e-03	
   5.6092014341109098e-03	
   5.6092013299899731e-03	
   5.6092012334285068e-03	
   5.6092011438777442e-03	
   5.6092010608286358e-03	
   5.6092009838091469e-03	
   5.6092009123815088e-03	
   5.6092008461397702e-03	
   5.6092007847073511e-03	
   5.6092007277351525e-03	
   5.6092006748992805e-03	
   5.6092006258995032e-03	
   5.6092005804572274e-03	
   5.6092005383142143e-03	
   5.6092004992309040e-03	
   5.6092004629851710e-03	
   5.6092004293709901e-03	
   5.6092003981973240e-03	
   5.6092003692869595e-03	
   5.6092003424755687e-03	
   5.6092003176107580e-03	
   5.6092002945512124e-03	
   5.6092002731658822e-03	
   5.6092002533332042e-03	
   5.6092002349404195e-03	
   5.6092002178830128e-03	
   5.6092002020639836e-03	
   5.6092001873935459e-03	
   5.6092001737881808e-03	
   5.6092001611705985e-03	
   5.6092001494691323e-03	
   5.6092001386171828e-03	
   5.6092001285531316e-03	
   5.6092001192197833e-03	
   5.6092001105640648e-03	
   5.6092001025367664e-03	
   5.6092000950922448e-03	
   5.6092000881882900e-03	
   5.6092000817855254e-03	
   5.6092000758476241e-03	
   5.6092000703408806e-03	
   5.6092000652339033e-03	
   5.6092000604977101e-03	
   5.6092000561053772e-03	
   5.6092000520319568e-03	
   5.6092000482542608e-03	
   5.6092000447508627e-03	
   5.6092000415017959e-03	
   5.6092000384886393e-03	
   5.6092000356942600e-03	
   5.6092000331027271e-03	
   5.6092000306993562e-03	
   5.6092000284704907e-03	
   5.6092000264034653e-03	
   5.6092000244864701e-03	
   5.6092000227086856e-03	
   5.6092000210599775e-03	
   5.6092000195309411e-03	
   5.6092000181129477e-03	
   5.6092000167978799e-03	
   5.6092000155783094e-03	
   5.6092000144472810e-03	
   5.6092000133983527e-03	
   5.6092000124255996e-03	
   5.6092000115234384e-03	
   5.6092000106868038e-03	
   5.6092000099109288e-03	
   5.6092000091913473e-03	
   5.6092000085240226e-03	
   5.6092000079051773e-03	
   5.6092000073312042e-03	
   5.6092000067989676e-03	
   5.6092000063053347e-03	
   5.6092000058475559e-03	
   5.6092000054230118e-03	
   5.6092000050292556e-03	
   5.6092000046641406e-03	
   5.6092000043254766e-03	
   5.6092000040114586e-03	
   5.6092000037201994e-03	
   5.6092000034501099e-03	
   5.6092000031996003e-03	
   5.6092000029672974e-03	
   5.6092000027518690e-03	
   5.6092000025520714e-03	
   5.6092000023667873e-03	
   5.6092000021949430e-03	
   5.6092000020355939e-03	
   5.6092000018877963e-03	
   5.6092000017507323e-03	
   5.6092000016236317e-03	
   5.6092000015057625e-03	
   5.6092000013964385e-03	
   5.6092000012950578e-03	
   5.6092000012010201e-03	
   5.6092000011138095e-03	
   5.6092000010329549e-03	
   5.6092000009579819e-03	
   5.6092000008884204e-03	
   5.6092000008239251e-03	
   5.6092000007641101e-03	
   5.6092000007086319e-03	
   5.6092000006571470e-03	
   5.6092000006094413e-03	
   5.6092000005652136e-03	
   5.6092000005241631e-03	
   5.6092000004861189e-03	
   5.6092000004508225e-03	
   5.6092000004181030e-03	
   5.6092000003877445e-03	
   5.6092000003595760e-03	
   5.6092000003334684e-03	
   5.6092000003092508e-03	
   5.6092000002867931e-03	
   5.6092000002659678e-03	
   5.6092000002466880e-03	
   5.6092000002287822e-03	
   5.6092000002121644e-03	
   5.6092000001967488e-03	
   5.6092000001824504e-03	
   5.6092000001692248e-03	
   5.6092000001569439e-03	
   5.6092000001455224e-03	
   5.6092000001349588e-03	
   5.6092000001251689e-03	
   5.6092000001161085e-03	
   5.6092000001076491e-03	
   5.6092000000998342e-03	
   5.6092000000925778e-03	
   5.6092000000858792e-03	
   5.6092000000796532e-03	
   5.6092000000738558e-03	
   5.6092000000684886e-03	
   5.6092000000635073e-03	
   5.6092000000589129e-03	
   5.6092000000546195e-03	
   5.6092000000506686e-03	
   5.6092000000469763e-03	
   5.6092000000435840e-03	
   5.6092000000404060e-03	
   5.6092000000374865e-03	
   5.6092000000347378e-03	
   5.6092000000322476e-03	
   5.6092000000298858e-03	
   5.6092000000277390e-03	
   5.6092000000257207e-03	
   5.6092000000238316e-03	
   5.6092000000221142e-03	
   5.6092000000205252e-03	
   5.6092000000190221e-03	
   5.6092000000176482e-03	
   5.6092000000163601e-03	
   5.6092000000151580e-03	
   5.6092000000140842e-03	
   5.6092000000130537e-03	
   5.6092000000121092e-03	
   5.6092000000112071e-03	
   5.6092000000103909e-03	
   5.6092000000096615e-03	
   5.6092000000089312e-03	
   5.6092000000082876e-03	
   5.6092000000076865e-03	
   5.6092000000071279e-03	
   5.6092000000066127e-03	
   5.6092000000061400e-03	
   5.6092000000057107e-03	
   5.6092000000052813e-03	
   5.6092000000048953e-03	
   5.6092000000045519e-03	
   5.6092000000042084e-03	
   5.6092000000039074e-03	
   5.6092000000036073e-03	
   5.6092000000033488e-03	
   5.6092000000031346e-03	
   5.6092000000028770e-03	
   5.6092000000026619e-03	
   5.6092000000024901e-03	
   5.6092000000023184e-03	
   5.6092000000021467e-03	
   5.6092000000019749e-03	
   5.6092000000018466e-03	
   5.6092000000017173e-03	
   5.6092000000015890e-03	
   5.6092000000014597e-03	
   5.6092000000013739e-03	
   5.6092000000012455e-03	
   5.6092000000011596e-03	
   5.6092000000010737e-03	
   5.6092000000009879e-03	
   5.6092000000009445e-03	
   5.6092000000008586e-03	
   5.6092000000008161e-03	
   5.6092000000007303e-03	
   5.6092000000006869e-03	
   5.6092000000006444e-03	
   5.6092000000006010e-03	
   5.6092000000005585e-03	
   5.6092000000005152e-03	
   5.6092000000004727e-03	
   5.6092000000004293e-03	
   5.6092000000003868e-03	
   5.6092000000003868e-03	
   5.6092000000003434e-03	
   5.6092000000003434e-03	
   5.6092000000003009e-03	
   5.6092000000003009e-03	
   5.6092000000002576e-03	
   5.6092000000002576e-03	
   5.6092000000002151e-03	
   5.6092000000002151e-03	
   5.6092000000001717e-03	
   5.6092000000001717e-03	
   5.6092000000001717e-03	
   5.6092000000001717e-03	
   5.6092000000001292e-03	
   5.6092000000001292e-03	
   5.6092000000001292e-03	
   5.6092000000001292e-03	
   5.6092000000000858e-03	
   5.6092000000000858e-03	
   5.6092000000000858e-03	
   5.6092000000000858e-03	
   5.6092000000000858e-03	
   5.6092000000000858e-03	
   5.6092000000000858e-03	
   5.6092000000000433e-03	
   5.6092000000000433e-03	
   5.6092000000000433e-03	
   5.6092000000000433e-03	
   5.6092000000000433e-03	
   5.6092000000000433e-03	
   5.6092000000000433e-03	
   5.6092000000000433e-03	
   5.6092000000000433e-03	
